Source,Sequence,Rfam structure,Rfam structure + RNAfold,Rfam structure + EternaFold
URS000075BCFB_9544/2-86,AAAGCGCUUUGGAAUGACACGAUCACUCCCGUUGAGUGGGCCCCCGAGAAGCCAUCGGGAAUGUCGUGUCCGCCCAGUGCUCUUU,.....((.((((...((((((((...(((((.((.((.............)))).)))))..))))))))...)))).)).....,((((.((.((((...((((((((...(((((.((.((((....)).....)))).)))))..))))))))...)))).)).)))),((((.((.((((...((((((((.(.(((((.((.((.............)))).))))).)))))))))...)))).)).))))
URS000075BCFB_9544/2-86,AAAGAGCACUGGGCGGACACGACAUUCCCGAUGGCUUCUCGGGGGCCCACUCAACGGGAGUGAUCGUGUCAUUCCAAAGCGCUUU,.....((..(((...(((((((...(((((.((..................)).)))))....)))))))...)))..)).....,((((.((..((((..(((((((((((((((.(((((((...))))).....)).)))))))).)))))))..))))..)).)))),((((.((..((((..(((((((((((((((.(((((.......)).....))).)))))))).)))))))..))))..)).))))
URS000075DDF1_9598/2-86,AAAGCGCUUUGGAAUGACACGAUCACUCCCGUUGAGUGGGCACCCGAGAAGCCAUCGGGAAUGUCGUGUCCGCCCAGUGCUCUUU,.....((.((((...((((((((...(((((.((.((.............)))).)))))..))))))))...)))).)).....,((((.((.((((...((((((((...(((((.((.((((....)).....)))).)))))..))))))))...)))).)).)))),((((.((.((((...((((((((.(.(((((.((.((.............)))).))))).)))))))))...)))).)).))))
URS000075DDF1_9598/2-86,AAAGAGCACUGGGCGGACACGACAUUCCCGAUGGCUUCUCGGGUGCCCACUCAACGGGAGUGAUCGUGUCAUUCCAAAGCGCUUU,.....((..(((...(((((((...(((((.((..................)).)))))....)))))))...)))..)).....,((((.((..((((..(((((((((((((((.(((......((....))..))).)))))))).)))))))..))))..)).)))),((((.((..((((..(((((((((((((((.(((................))).)))))))).)))))))..))))..)).))))
URS000075EE47_9606/2-86,AAAGCGCUUUGGAAUGACACGAUCACUCCCGUUGAGUGGGCACCCGAGAAGCCAUCGGGAAUGUCGUGUCCGCCCAGUGCUCUUU,.....((.((((...((((((((...(((((.((.((.............)))).)))))..))))))))...)))).)).....,((((.((.((((...((((((((...(((((.((.((((....)).....)))).)))))..))))))))...)))).)).)))),((((.((.((((...((((((((.(.(((((.((.((.............)))).))))).)))))))))...)))).)).))))
URS000075EE47_9606/2-86,AAAGAGCACUGGGCGGACACGACAUUCCCGAUGGCUUCUCGGGUGCCCACUCAACGGGAGUGAUCGUGUCAUUCCAAAGCGCUUU,.....((..(((...(((((((...(((((.((..................)).)))))....)))))))...)))..)).....,((((.((..((((..(((((((((((((((.(((......((....))..))).)))))))).)))))))..))))..)).)))),((((.((..((((..(((((((((((((((.(((................))).)))))))).)))))))..))))..)).))))
URS000075EE47_9600/2-86,AAAGCGCUUUGGAAUGACACGAUCACUCCCGUUGAGUGGGCACCCGAGAAGCCAUCGGGAAUGUCGUGUCCGCCCAGUGCUCUUU,.....((.((((...((((((((...(((((.((.((.............)))).)))))..))))))))...)))).)).....,((((.((.((((...((((((((...(((((.((.((((....)).....)))).)))))..))))))))...)))).)).)))),((((.((.((((...((((((((.(.(((((.((.((.............)))).))))).)))))))))...)))).)).))))
URS000075EE47_9600/2-86,AAAGAGCACUGGGCGGACACGACAUUCCCGAUGGCUUCUCGGGUGCCCACUCAACGGGAGUGAUCGUGUCAUUCCAAAGCGCUUU,.....((..(((...(((((((...(((((.((..................)).)))))....)))))))...)))..)).....,((((.((..((((..(((((((((((((((.(((......((....))..))).)))))))).)))))))..))))..)).)))),((((.((..((((..(((((((((((((((.(((................))).)))))))).)))))))..))))..)).))))
URS000075DE4F_9913/2-86,AAAGCGCUUUGGAAUGACACGAUCACUCCCGUUGAGUGGGCACCCAAGAAGCCAUCGGGAAUGUCGUGUCCGCCCAGUGCUCUUU,.....((.((((...((((((((...(((((.((.((.............)))).)))))..))))))))...)))).)).....,((((.((.((((...((((((((...(((((.((.((((....)).....)))).)))))..))))))))...)))).)).)))),((((.((.((((...((((((((.(.(((((.((.((.............)))).))))).)))))))))...)))).)).))))
URS000075DE4F_9913/2-86,AAAGAGCACUGGGCGGACACGACAUUCCCGAUGGCUUCUUGGGUGCCCACUCAACGGGAGUGAUCGUGUCAUUCCAAAGCGCUUU,.....((..(((...(((((((...(((((.((..................)).)))))....)))))))...)))..)).....,((((.((..((((..(((((((((((((((.(((.....(((....))).))).)))))))).)))))))..))))..)).)))),((((.((..((((..(((((((((((((((.(((......((....))..))).)))))))).)))))))..))))..)).))))
URS0000759D72_9823/1-80,AAGUGCUUUGGAAUGACACGAUCACUCCCGUUGAGUGGGCACCCAAGUAGCCAUCGGGAAUGUCGUGUCCGCCCAGUGCU,....((.((((...((((((((...(((((.((.((.............)))).)))))..))))))))...)))).)).,....((.((((...((((((((...(((((.((.((..((......)).)))).)))))..))))))))...)))).)).,....((.((((...((((((((.(.(((((.((.((..((......)).)))).))))).)))))))))...)))).)).
URS0000759D72_9823/1-80,AGCACUGGGCGGACACGACAUUCCCGAUGGCUACUUGGGUGCCCACUCAACGGGAGUGAUCGUGUCAUUCCAAAGCACUU,.((..(((...(((((((...(((((.((..................)).)))))....)))))))...)))..))....,.((..((((..(((((((((((((((.(((.....(((....))).))).)))))))).)))))))..))))..))....,.((..((((..(((((((((((((((.(((......((....))..))).)))))))).)))))))..))))..))....
URS00007E4A2A_9925/1-85,AAAGUGCUUUGGAAUGACACGAUCACUCCCGUUGAGUGGGCACCCAAGAAGCCAUCGGGAAUGUCGUGUCCGCCCAGUGCUCUUU,.....((.((((...((((((((...(((((.((.((.............)))).)))))..))))))))...)))).)).....,((((.((.((((...((((((((...(((((.((.((((....)).....)))).)))))..))))))))...)))).)).)))),((((.((.((((...((((((((.(.(((((.((.((.............)))).))))).)))))))))...)))).)).))))
URS00007E4A2A_9925/1-85,AAAGAGCACUGGGCGGACACGACAUUCCCGAUGGCUUCUUGGGUGCCCACUCAACGGGAGUGAUCGUGUCAUUCCAAAGCACUUU,.....((..(((...(((((((...(((((.((..................)).)))))....)))))))...)))..)).....,((((.((..((((..(((((((((((((((.(((.....(((....))).))).)))))))).)))))))..))))..)).)))),((((.((..((((..(((((((((((((((.(((......((....))..))).)))))))).)))))))..))))..)).))))
URS00006EF746_10090/1-85,AAAGUGCUUUGGAAUGACACGAUCACUCCCGUUGAGUGGGCACCCAAGAAGCCAUCGGGAAUGUCGUGUCCGCCCAGUGCUCUUU,.....((.((((...((((((((...(((((.((.((.............)))).)))))..))))))))...)))).)).....,((((.((.((((...((((((((...(((((.((.((((....)).....)))).)))))..))))))))...)))).)).)))),((((.((.((((...((((((((.(.(((((.((.((.............)))).))))).)))))))))...)))).)).))))
URS00006EF746_10090/1-85,AAAGAGCACUGGGCGGACACGACAUUCCCGAUGGCUUCUUGGGUGCCCACUCAACGGGAGUGAUCGUGUCAUUCCAAAGCACUUU,.....((..(((...(((((((...(((((.((..................)).)))))....)))))))...)))..)).....,((((.((..((((..(((((((((((((((.(((.....(((....))).))).)))))))).)))))))..))))..)).)))),((((.((..((((..(((((((((((((((.(((......((....))..))).)))))))).)))))))..))))..)).))))
URS00007E49F0_9615/1-63,AAUGACACGAUCACUCCCGUUGAGUGGGCACCCAAGAAGCCAUCGGGAAUGUCGUGUCCGCCC,...((((((((...(((((.((.((.............)))).)))))..)))))))).....,...((((((((...(((((.((.((((....)).....)))).)))))..)))))))).....,...((((((((.(.(((((.((.((.............)))).))))).))))))))).....
URS000075EA7F_10029/1-80,GCUUUGGAAUGACACGAUCACUCCCGUUGAGUGGGCACCCAAGAAGCCAUCGGGAAUGUCGUGUCCGCCCAGUGCUCU,((.((((...((((((((...(((((.((.((.............)))).)))))..))))))))...)))).))...,((.((((...((((((((...(((((.((.((((....)).....)))).)))))..))))))))...)))).))...,((.((((...((((((((.(.(((((.((.((.............)))).))))).)))))))))...)))).))...
URS000075EA7F_10029/1-80,AGAGCACUGGGCGGACACGACAUUCCCGAUGGCUUCUUGGGUGCCCACUCAACGGGAGUGAUCGUGUCAUUCCAAAGCAC,...((..(((...(((((((...(((((.((..................)).)))))....)))))))...)))..))..,...((..((((..(((((((((((((((.(((.....(((....))).))).)))))))).)))))))..))))..))..,.(.((..((((..(((((((((((((((.(((......((....))..))).)))))))).)))))))..))))..)).)
URS00007E35AE_246437/1-61,AAUGACACGAUCACUCCCGUUGAGUGGGCACCCAAGAAGCCAUCGGGAAUGUCGUGUCCGC,...((((((((...(((((.((.((.............)))).)))))..))))))))...,...((((((((...(((((.((.((((....)).....)))).)))))..))))))))...,...((((((((.(.(((((.((.((.............)))).))))).)))))))))...
URS0000759906_10116/1-83,AGUGCUUUGGAAUGACACGAUCACUCCCGUUGAGUGGGCACCCAAGAAGCCAUCGGGAAUAUCGUGUCCGCCCAGUGCUCUUU,...((.((((...((((((((...(((((.((.((.............)))).)))))..))))))))...)))).)).....,((.((.((((...((((((((...(((((.((.((((....)).....)))).)))))..))))))))...)))).)).))..,((.((.((((...((((((((.(.(((((.((.((.............)))).))))).)))))))))...)))).)).))..
URS0000759906_10116/1-83,AAAGAGCACUGGGCGGACACGAUAUUCCCGAUGGCUUCUUGGGUGCCCACUCAACGGGAGUGAUCGUGUCAUUCCAAAGCACU,.....((..(((...((((((((..(((((.((..................)).)))))...))))))))...)))..))...,.....((..((((..(((((((((((((((.(((.....(((....))).))).))))))).))))))))..))))..))...,..((.((..((((..(((((((((((((((.(((......((....))..))).))))))).))))))))..))))..)).))
URS00007E4CF3_9796/29-113,AAAGCGCUUUGGAAUGACACGAUCACUCCCGUUGAGUGGGCACACAAGAAGCCAUCGGGAAUAUCGUGUCCGCCCAGUGCUCUUU,.....((.((((...((((((((...(((((.((.((.............)))).)))))..))))))))...)))).)).....,((((.((.((((...((((((((...(((((.((.((.............)))).)))))..))))))))...)))).)).)))),((((.((.((((...((((((((.(.(((((.((.((.............)))).))))).)))))))))...)))).)).))))
URS00007E4CF3_9796/29-113,AAAGAGCACUGGGCGGACACGAUAUUCCCGAUGGCUUCUUGUGUGCCCACUCAACGGGAGUGAUCGUGUCAUUCCAAAGCGCUUU,.....((..(((...((((((((..(((((.((..................)).)))))...))))))))...)))..)).....,((((.((..((((..(((((((((((((((.(((......(((....)))))).))))))).))))))))..))))..)).)))),((((.((..((((..(((((((((((((((.(((......(((....)))))).))))))).))))))))..))))..)).))))
URS0000719F78_13616/1-85,AAAGUGCUUUGGAAUGACACGAUCACUCCCGUUGAGCGGACAGCCAAGAAGCCAUCGGGAAUAUCGUGUCCGUCCAAUGCUCUUU,.....((.((((...((((((((...(((((.((.((.............)))).)))))..))))))))...)))).)).....,((((.((.(((((..((((((((...(((((.((.((.............)))).)))))..))))))))..))))).)).)))),((((.((.(((((..((((((((.(.(((((.((.((((....)).....)))).))))).)))))))))..))))).)).))))
URS0000719F78_13616/1-85,AAAGAGCAUUGGACGGACACGAUAUUCCCGAUGGCUUCUUGGCUGUCCGCUCAACGGGAGUGAUCGUGUCAUUCCAAAGCACUUU,.....((.((((...((((((((..(((((.((..................)).)))))...))))))))...)))).)).....,((((.((.(((((..(((((((((((((((.((((.............)).)).))))))).))))))))..))))).)).)))),((((.((.(((((..(((((((((((((((.((((.....((....))).))).))))))).))))))))..))))).)).))))
URS000075BCE4_9258/8-92,AAAUCGCUUUGGAAUGACACGAUCACUCCCGUUGAGCGGACAGCCAAGAAGCCAUCGGGAAUAUCGUGUCCGUCCAAAGCUCUUU,.....((.((((...((((((((...(((((.((.((.............)))).)))))..))))))))...)))).)).....,.....((((((((..((((((((...(((((.((.((.............)))).)))))..))))))))..)))))))).....,(((..((((((((..((((((((.(.(((((.((.((((....)).....)))).))))).)))))))))..))))))))..)))
URS000075BCE4_9258/8-92,AAAGAGCUUUGGACGGACACGAUAUUCCCGAUGGCUUCUUGGCUGUCCGCUCAACGGGAGUGAUCGUGUCAUUCCAAAGCGAUUU,.....((.((((...((((((((..(((((.((..................)).)))))...))))))))...)))).)).....,(((..((((((((..(((((((((((((((.((((.............)).)).))))))).))))))))..))))))))..))),(((..((((((((..(((((((((((((((.((((.....((....))).))).))))))).))))))))..))))))))..)))
URS000075C801_8364/1-77,GCCUUGGAAUGACACGAUCACUCCCGUUGAGCCGAAACUCACAGCGCCAUCGGGAAUAUCGUGUCGCUCCAAAGCUC,((.((((...((((((((...(((((.((.((.............)))).)))))..))))))))...)))).))..,((.(((((.(((((((((...(((((.((.(((..........).)))).)))))..))))))))).))))).))..,((.(((((.(((((((((.(.(((((.((.(((..........).)))).))))).)))))))))).))))).))..
URS000075C801_8364/1-77,AGCUUUGGAGCGACACGAUAUUCCCGAUGGCGCUGUGAGUUUCGGCUCAACGGGAGUGAUCGUGUCAUUCCAAGGC,.((.((((...((((((((..(((((.((..................)).)))))...))))))))...)))).)),.(((((((((.(((((((((((((((.(((.((((.......))))))).))))))).)))))))).))))))))),.(((((((((.(((((((((((((((.(((.((((.......))))))).))))))).)))))))).)))))))))
URS00007E48B1_28377/5-88,GAAUGGUUUUGGAAUGACACGAUCACUCCCGCUGAGCGAGCAGAGCCACGGCCACGGGGAUGUCGUGUCUGUCCAAAACUAUUU,.....((.((((...((((((((...(((((.((.((.............)))))))))..))))))))...)))).)).....,(((((((((((((..((((((((...(((((.((.((..((...))....)))))))))..))))))))..))))))))))))),(((((((((((((..((((((((.(.(((((.((.((..((...)...).))))))))).)))))))))..)))))))))))))
URS00007E48B1_28377/5-88,AAAUAGUUUUGGACAGACACGACAUCCCCGUGGCCGUGGCUCUGCUCGCUCAGCGGGAGUGAUCGUGUCAUUCCAAAACCAUUC,.....((.((((...(((((((....((((..(.................)..)))).....)))))))...)))).)).....,.....((((((((..((((((((((.(((((....(((((...)).)))...))))).))).)))))))..)))))))).....,.(((.((((((((..((((((((((.(((((.(..(((((...)).))).).))))).))).)))))))..)))))))).))).
URS0000D527B8_8665/8-91,AAAUUGCCAAGGAAUGACACGAUCACUCCCGCUGAGCGAGUGGACACAGAGCCACGGGGCUGUCGUGUCUGUCCUGAGCUUUUU,.....((..(((...((((((((...(((((.((.((.............)))))))))..))))))))...)))..)).....,.....((..((((..((((((((...(((((.((.((...((....))..)))))))))..))))))))..))))..)).....,(((..((..((((..((((((((.(.(((((.((.((...((....))..))))))))).)))))))))..))))..))..)))
URS0000D527B8_8665/8-91,AAAAAGCUCAGGACAGACACGACAGCCCCGUGGCUCUGUGUCCACUCGCUCAGCGGGAGUGAUCGUGUCAUUCCUUGGCAAUUU,.....((..(((...(((((((....((((.......................)))).....)))))))...)))..)).....,.....(((.((((..(((((((..(((((((......(((......)))...))))).))..)))))))..)))).))).....,.....(((.((((..((((((((.((((((((((..((....))...)))..))))).))).)))))))..)))).))).....
URS0000759C7F_59729/4-88,AGAUGGCUUUGGAAUGACACGAUCACUCCCGCUGAGCCAGCAGCCAGAGAGCCAUCGGGGAUGUCGUGUCUUUCCAAAGCUCUUU,.....((.((((...((((((((...(((((.((.((.............)))).)))))..))))))))...)))).)).....,....((((((((((.((((((((...(((((.((.((...(.....)...)))).)))))..)))))))).))))))))))....,.((.((((((((((.((((((((.(.(((((.((.(((..(.....).).)))).))))).))))))))).)))))))))).)).
URS0000759C7F_59729/4-88,AAAGAGCUUUGGAAAGACACGACAUCCCCGAUGGCUCUCUGGCUGCUGGCUCAGCGGGAGUGAUCGUGUCAUUCCAAAGCCAUCU,.....((.((((...(((((((....((((.((..................)).)))).....)))))))...)))).)).....,.....(((((((((.((((((((((.((((.(((((..(.....)..))).)).)))).))).))))))).))))))))).....,..((((((((((((.((((((((((.((((.(((((...........)).))).)))).))).))))))).)))))))))..)))
