Source,Sequence,Rfam structure,Rfam structure + RNAfold,Rfam structure + EternaFold
URS0000D686A1_1191299/1-87,UCGUCUUUAGACCGGCGUAGACCGGUGCUAUCUCGGGCAGUAAUUGUCAUUGCUGCCAUUAAGAAGUCGUUAUUGCAUUUAGCUUGA,..........(((((......)))))..........((((((((....))))))))...............................,.((....((((((((......))))).)))...))(((((((((....)))))))))...........((((.......))))....,..(....((((((((......))))).)))...).(((((((((....)))))))))..............................
URS0000D686A1_1191304/1-87,UCGUCUUUAGACCGGCGUAGACCGGUGCUAUCUCGGGCAGUAAUUGUCAUUGCUGCCAUUAAGAAGUCGUUAUUGCAUUUAGCUUGA,..........(((((......)))))..........((((((((....))))))))...............................,.((....((((((((......))))).)))...))(((((((((....)))))))))...........((((.......))))....,..(....((((((((......))))).)))...).(((((((((....)))))))))..............................
URS0000D686A1_1191303/1-87,UCGUCUUUAGACCGGCGUAGACCGGUGCUAUCUCGGGCAGUAAUUGUCAUUGCUGCCAUUAAGAAGUCGUUAUUGCAUUUAGCUUGA,..........(((((......)))))..........((((((((....))))))))...............................,.((....((((((((......))))).)))...))(((((((((....)))))))))...........((((.......))))....,..(....((((((((......))))).)))...).(((((((((....)))))))))..............................
URS0000D66AF3_1191305/1-86,UCGUCUUUAGACCGGCGUAGACCGGUGCUAUCUCGGCAGUAAUUUUCAUUGCUGUCAUUAAGAAGUCGUUAUUGCAUUUAGCUUGA,..........(((((......)))))..........(((((((....)))))))................................,.((.(((((((((((......))))).)).....(((((((((....))))))))).....)))).)).....((.....))....,.......((((((((......))))).)))....(((((((((....)))))))))..............................
URS0000D6B182_693743/1-86,UAACCCUCUAGCCAGCGUAAGCUGGCACUGAUCAGCGCGGUUGUUUUGCAACCGCAUAAUAAGAAGUCGUUACGCACUGAGCUUGA,..........((((((....))))))..........((((((((...))))))))...............................,..........((((((....))))))..........((((((((...))))))))........((((((........))).)))..,..........((((((....))))))..........((((((((...))))))))...............................
URS0000D66E20_1259812/1-87,UAACUAGCUUGCCAGCGUAAGCUGGCACUGAUCAGCGCGGUUGUUUUUGCAACCGUAUAAUAAGAAGUCGUUACGCACUGAGCUUGA,..........((((((....))))))..........((((((((....))))))))...............................,.....(((((((((((....))))))..........((((((((....)))))))).........(((.((...))))))))))...,.........(((((((....))))))).........((((((((....))))))))...............................
URS0000D678B0_991999/1-87,UAACCAUCUUGCCAGCGCAAGCUGGCACUGAUCAGCGCGGUUGUUUUUGCAACCGCAUAAUAAGAAGUCGUUAAGCACUGAGCUUGA,..........((((((....))))))..........((((((((....))))))))...............................,.....(((.(((((((....)))))))..)))....((((((((....))))))))..............((((((.....)))))),.....(((.(((((((....)))))))..)))....((((((((....))))))))..............((((((.....))))))
URS0000D678B0_1400798/1-87,UAACCAUCUUGCCAGCGCAAGCUGGCACUGAUCAGCGCGGUUGUUUUUGCAACCGCAUAAUAAGAAGUCGUUAAGCACUGAGCUUGA,..........((((((....))))))..........((((((((....))))))))...............................,.....(((.(((((((....)))))))..)))....((((((((....))))))))..............((((((.....)))))),.....(((.(((((((....)))))))..)))....((((((((....))))))))..............((((((.....))))))
URS0000D6906F_675820/1-87,UAACCACCUUGCCAGCGUAAGCUGGCACUGAUCAGCGCGGUUGUUCUUGCAACCGCAUAAUAAGAAAUCGUUACGCACUGAGCUUGA,..........((((((....))))))..........((((((((....))))))))...............................,.........(((((((....))))))).........((((((((....))))))))..................((.....))....,.........(((((((....))))))).........((((((((....))))))))...............................
URS0000D6C2D1_756012/1-87,UAACCACCUUGCCAGCGCAAGCUGGCACUGAUCAGCGCGGUUGUUUUUGCAACCGCAUAAUAAGAAGUCGUUACGCACUGAGCUUGA,..........((((((....))))))..........((((((((....))))))))...............................,.........(((((((....))))))).........((((((((....))))))))........((((((........))).)))..,.........(((((((....))))))).........((((((((....))))))))...............................
URS0000D6C2D1_671074/1-87,UAACCACCUUGCCAGCGCAAGCUGGCACUGAUCAGCGCGGUUGUUUUUGCAACCGCAUAAUAAGAAGUCGUUACGCACUGAGCUUGA,..........((((((....))))))..........((((((((....))))))))...............................,.........(((((((....))))))).........((((((((....))))))))........((((((........))).)))..,.........(((((((....))))))).........((((((((....))))))))...............................
URS0000D6C2D1_991997/1-87,UAACCACCUUGCCAGCGCAAGCUGGCACUGAUCAGCGCGGUUGUUUUUGCAACCGCAUAAUAAGAAGUCGUUACGCACUGAGCUUGA,..........((((((....))))))..........((((((((....))))))))...............................,.........(((((((....))))))).........((((((((....))))))))........((((((........))).)))..,.........(((((((....))))))).........((((((((....))))))))...............................
URS0000D68B40_675815/1-87,UAACCACCUUGCCAGCGCAAGCUGGCACUGAUCAGCGCGGUUGUUCUUGCAACCGCAUAAUAAGAAGUCGUUACGCACUGAGCUUGA,..........((((((....))))))..........((((((((....))))))))...............................,.........(((((((....))))))).........((((((((....))))))))........((((((........))).)))..,.........(((((((....))))))).........((((((((....))))))))...............................
URS0000D68B40_1481663/1-87,UAACCACCUUGCCAGCGCAAGCUGGCACUGAUCAGCGCGGUUGUUCUUGCAACCGCAUAAUAAGAAGUCGUUACGCACUGAGCUUGA,..........((((((....))))))..........((((((((....))))))))...............................,.........(((((((....))))))).........((((((((....))))))))........((((((........))).)))..,.........(((((((....))))))).........((((((((....))))))))...............................
URS0000D68B40_675809/1-87,UAACCACCUUGCCAGCGCAAGCUGGCACUGAUCAGCGCGGUUGUUCUUGCAACCGCAUAAUAAGAAGUCGUUACGCACUGAGCUUGA,..........((((((....))))))..........((((((((....))))))))...............................,.........(((((((....))))))).........((((((((....))))))))........((((((........))).)))..,.........(((((((....))))))).........((((((((....))))))))...............................
URS0000D65F5B_1051646/1-89,UAACCACAUUAUCCGACUUAGGUCGGGGUUAGUCAGAGUAGCGGCAUAGUCACCGCUACAUAAUAAGAAGUCGUUUGCACUUAGCUUGA,...........((((((....))))))..........(((((((........)))))))..............................,...........((((((....))))))(((((((((((((((((........)))))))..............)))).)).))))....,......(....((((((....))))))....).....(((((((........))))))).........(((.......)))........
URS0000D661B0_1229202/1-89,UAACCACCUUGCCAGCUUCGGCUGGUUCUCGUCAGCGCAGCCGCCUUGCCGCGGCUGCAUAUUAAGAAGUCGUUAUGCAUUUAGCUUGA,..........((((((....))))))..........((((((((......))))))))...............................,..........((((((....))))))..........((((((((......)))))))).............((((......))))....,..........((((((....))))))..........((((((((......))))))))...............................
URS0000D68974_748003/1-89,UAACCACCUUGCCAGCUUCGGCUGGUCCUCGUCAGCGCAGCCGCCUUGCCGCGGCUGCAUAUUAAGAAGUCGUUAUGCAUUUAGCUUGA,..........((((((....))))))..........((((((((......))))))))...............................,..........((((((....))))))..........((((((((......)))))))).............((((......))))....,..........((((((....))))))..........((((((((......))))))))...............................
URS0000D6CBEA_196600/1-89,UAACCACCUUGCCAGCUUCGGCUGGUUCUCGUCAGCGCAGCCGCAUUGCCGCGGCUGCAUAUUAAGAAGUCGUUGUGCAUUUAGCUUGA,..........((((((....))))))..........((((((((......))))))))...............................,..........((((((....))))))..........((((((((......)))))))).............((((......))))....,..........((((((....))))))..........((((((((......))))))))...............................
URS0000D6AC23_914127/1-89,UAACCACCUUGCCAGCUUCGGCUGGUUCUCGUCAGCGCAGCCGCCUUGCCGCGGCUGCAUAUUAAGAAGUCGUUGUGCAUUUAGCUUGA,..........((((((....))))))..........((((((((......))))))))...............................,..........((((((....))))))..........((((((((......)))))))).............((((......))))....,..........((((((....))))))..........((((((((......))))))))...............................
URS0000D6AC23_216895/1-89,UAACCACCUUGCCAGCUUCGGCUGGUUCUCGUCAGCGCAGCCGCCUUGCCGCGGCUGCAUAUUAAGAAGUCGUUGUGCAUUUAGCUUGA,..........((((((....))))))..........((((((((......))))))))...............................,..........((((((....))))))..........((((((((......)))))))).............((((......))))....,..........((((((....))))))..........((((((((......))))))))...............................
URS0000D6CEDF_121723/1-89,UAACUAUAUUACCGACUUCGGUCGGCUCUAAUCAGCGUAGCUGCAUUAUCGUGGCUGCAUAUUAAAAAGUCAUUGUGCACUUAGCUUGA,...........(((((....)))))...........((((((((......))))))))...............................,...........(((((....)))))......(((((((((((((......))))))))........((((((...)).)))).)).))),...........(((((....)))))...........((((((((......))))))))...............................
URS0000D68CDC_1276919/1-89,UAACCACAUUGCUGGCUUCGGUCGGCUCUAGUCAGCGCAGCUGCAUUAUCGUGGCUGCAUAUUAAGAAGUCGUUGUGCACUUAGCUUGA,..........((((((....))))))..........((((((((......))))))))...............................,..........((((((....))))))..........((((((((......))))))))...(((((((((.((...))))))..))))),..........((((((....))))))..........((((((((......))))))))...............................
URS0000D691EA_410291/1-89,UAACCACAUUGCCGGCCUCGGUCGGCUCUAGUCAGCGCAGCUGCAUUAUCGUGGCUGCAUAUUAAGAAGUCGUUGUGCACUUAGCUUGA,..........((((((....))))))..........((((((((......))))))))...............................,..........((((((....))))))..........((((((((......))))))))...(((((((((.((...))))))..))))),..........((((((....))))))..........((((((((......))))))))...............................
URS0000D69E30_992012/1-89,UAACCACAUUGCCGGCUUCGGUCGGCUCUAGUCAGCGCAGCUGCAUUAUCGUGGCUGCAUAUUAAGAAGUCGUUGUGCACUUAGCUUGA,..........((((((....))))))..........((((((((......))))))))...............................,..........((((((....))))))..........((((((((......))))))))...(((((((((.((...))))))..))))),..........((((((....))))))..........((((((((......))))))))...............................
URS0000D69E30_987060/1-89,UAACCACAUUGCCGGCUUCGGUCGGCUCUAGUCAGCGCAGCUGCAUUAUCGUGGCUGCAUAUUAAGAAGUCGUUGUGCACUUAGCUUGA,..........((((((....))))))..........((((((((......))))))))...............................,..........((((((....))))))..........((((((((......))))))))...(((((((((.((...))))))..))))),..........((((((....))))))..........((((((((......))))))))...............................
URS0000D69E30_419109/1-89,UAACCACAUUGCCGGCUUCGGUCGGCUCUAGUCAGCGCAGCUGCAUUAUCGUGGCUGCAUAUUAAGAAGUCGUUGUGCACUUAGCUUGA,..........((((((....))))))..........((((((((......))))))))...............................,..........((((((....))))))..........((((((((......))))))))...(((((((((.((...))))))..))))),..........((((((....))))))..........((((((((......))))))))...............................
URS0000D69E30_669/1-89,UAACCACAUUGCCGGCUUCGGUCGGCUCUAGUCAGCGCAGCUGCAUUAUCGUGGCUGCAUAUUAAGAAGUCGUUGUGCACUUAGCUUGA,..........((((((....))))))..........((((((((......))))))))...............................,..........((((((....))))))..........((((((((......))))))))...(((((((((.((...))))))..))))),..........((((((....))))))..........((((((((......))))))))...............................
URS0000D69E30_223926/1-89,UAACCACAUUGCCGGCUUCGGUCGGCUCUAGUCAGCGCAGCUGCAUUAUCGUGGCUGCAUAUUAAGAAGUCGUUGUGCACUUAGCUUGA,..........((((((....))))))..........((((((((......))))))))...............................,..........((((((....))))))..........((((((((......))))))))...(((((((((.((...))))))..))))),..........((((((....))))))..........((((((((......))))))))...............................
URS0000D69E30_1234128/1-89,UAACCACAUUGCCGGCUUCGGUCGGCUCUAGUCAGCGCAGCUGCAUUAUCGUGGCUGCAUAUUAAGAAGUCGUUGUGCACUUAGCUUGA,..........((((((....))))))..........((((((((......))))))))...............................,..........((((((....))))))..........((((((((......))))))))...(((((((((.((...))))))..))))),..........((((((....))))))..........((((((((......))))))))...............................
URS0000D69E30_1229493/1-89,UAACCACAUUGCCGGCUUCGGUCGGCUCUAGUCAGCGCAGCUGCAUUAUCGUGGCUGCAUAUUAAGAAGUCGUUGUGCACUUAGCUUGA,..........((((((....))))))..........((((((((......))))))))...............................,..........((((((....))))))..........((((((((......))))))))...(((((((((.((...))))))..))))),..........((((((....))))))..........((((((((......))))))))...............................
URS0000D6946E_1338034/1-89,UAACCACAUUGCCGGCUUCGGUCGGCUCUAGUCAGCGCAGCUGCAUUAUCGUGGCUGCAUAUUAAGAAGUCGUUUUGCACUUAGCUUGA,..........((((((....))))))..........((((((((......))))))))...............................,..........((((((....))))))..........((((((((......))))))))...(((((((((.((...))))))..))))),..........((((((....))))))..........((((((((......))))))))..........(..........).........
URS0000D6603C_1238196/1-89,UAACCACAUUGCCGGCUUCGGUCGGCUCUAGUCAGCGCAGCUGCAUUAUAGUGGCUGCAUAUUAAGAAGUCGUUUUGCACUUAGCUUGA,..........((((((....))))))..........((((((((......))))))))...............................,..........((((((....))))))..........((((((((......))))))))...(((((((((.((...))))))..))))),..........((((((....))))))..........((((((((......))))))))..........(..........).........
